

========== PATH - dimensionality ==========
row = predicted, column = actual
       VOLUME LINE AREA      False 
VOLUME 10.0   6.0  8.0  29.0 2.0   
LINE   2.0    3.0  4.0  22.0 1.0   
AREA   2.0    1.0  2.0  5.0  3.0   
       0.0    0.0  0.0  0.0  0.0   
False  0.0    0.0  0.0  0.0  0.0   

========= Volume =========
Precision: 0.181818 
Recall: 0.714286
F-measure 0.289855
========= Line =========
Precision: 0.093750 
Recall: 0.300000
F-measure 0.142857
========= Area =========
Precision: 0.153846 
Recall: 0.142857
F-measure 0.148148
=========  =========
Precision: 0.000000 
Recall: 0.000000
F-measure 0.000000
========= False =========
Precision: 0.000000 
Recall: 0.000000
F-measure 0.000000

Accuracy: 15.000000%


========== PATH - countable ==========
row = predicted, column = actual
      TRUE FALSE False 
TRUE  90.0 4.0   6.0   
FALSE 0.0  0.0   0.0   
False 0.0  0.0   0.0   

========= True =========
Precision: 0.900000 
Recall: 1.000000
F-measure 0.947368
========= False =========
Precision: 0.000000 
Recall: 0.000000
F-measure 0.000000
========= False =========
Precision: 0.000000 
Recall: 0.000000
F-measure 0.000000

Accuracy: 90.000000%


========== PLACE - mod ==========
row = predicted, column = actual
                  uninhabited left same historic large northern coral other larger strange desired high coastal comparable primary many rolling new small national smaller rural driest dry nicer indigenous poorer major adjacent first huge beautiful highest half-way Coral following toped beech False reserve's southern flat topped 
            259.0 0.0         0.0  0.0  0.0      1.0   0.0      0.0   0.0   0.0    0.0     0.0     0.0  0.0     0.0        0.0     0.0  0.0     0.0 1.0   0.0      0.0     0.0   0.0    0.0 0.0   0.0        0.0    0.0   0.0      0.0   0.0  0.0       0.0     0.0      0.0   0.0       0.0   0.0   33.0  1.0       1.0      0.0         
uninhabited 0.0   0.0         0.0  0.0  0.0      0.0   0.0      0.0   0.0   0.0    0.0     0.0     0.0  0.0     0.0        0.0     0.0  0.0     0.0 1.0   0.0      0.0     0.0   0.0    0.0 0.0   0.0        0.0    0.0   0.0      0.0   0.0  0.0       0.0     0.0      0.0   0.0       0.0   0.0   0.0   0.0       0.0      0.0         
left        1.0   0.0         0.0  0.0  0.0      0.0   0.0      0.0   0.0   0.0    0.0     0.0     0.0  0.0     0.0        0.0     0.0  0.0     0.0 0.0   0.0      0.0     0.0   0.0    0.0 0.0   0.0        0.0    0.0   0.0      0.0   0.0  0.0       0.0     0.0      0.0   0.0       0.0   0.0   0.0   0.0       0.0      0.0         
same        0.0   0.0         0.0  0.0  0.0      0.0   0.0      0.0   0.0   0.0    0.0     0.0     0.0  0.0     0.0        0.0     0.0  0.0     0.0 0.0   0.0      0.0     0.0   0.0    0.0 0.0   0.0        0.0    0.0   0.0      0.0   0.0  0.0       0.0     0.0      0.0   0.0       0.0   0.0   1.0   0.0       0.0      0.0         
historic    1.0   0.0         0.0  0.0  0.0      0.0   0.0      0.0   0.0   0.0    0.0     0.0     0.0  0.0     0.0        0.0     0.0  0.0     0.0 0.0   0.0      0.0     0.0   0.0    0.0 0.0   0.0        0.0    0.0   0.0      0.0   0.0  0.0       0.0     0.0      0.0   0.0       0.0   0.0   0.0   0.0       0.0      0.0         
large       1.0   0.0         0.0  0.0  0.0      0.0   0.0      0.0   0.0   0.0    0.0     0.0     0.0  0.0     0.0        0.0     0.0  0.0     0.0 0.0   0.0      0.0     0.0   0.0    0.0 0.0   0.0        0.0    0.0   0.0      0.0   0.0  0.0       0.0     0.0      0.0   0.0       0.0   0.0   0.0   0.0       0.0      0.0         
northern    0.0   0.0         0.0  0.0  0.0      0.0   2.0      0.0   0.0   0.0    0.0     0.0     0.0  0.0     0.0        0.0     0.0  0.0     0.0 0.0   0.0      0.0     0.0   0.0    0.0 0.0   0.0        0.0    0.0   0.0      0.0   0.0  0.0       0.0     0.0      0.0   0.0       0.0   0.0   0.0   0.0       0.0      0.0         
coral       1.0   0.0         0.0  0.0  0.0      0.0   0.0      0.0   0.0   0.0    0.0     0.0     0.0  0.0     0.0        0.0     0.0  0.0     0.0 0.0   0.0      0.0     0.0   0.0    0.0 0.0   0.0        0.0    0.0   0.0      0.0   0.0  0.0       0.0     0.0      0.0   0.0       0.0   0.0   0.0   0.0       0.0      0.0         
other       1.0   0.0         0.0  0.0  0.0      0.0   0.0      0.0   0.0   0.0    0.0     0.0     0.0  0.0     0.0        0.0     0.0  0.0     0.0 0.0   0.0      0.0     0.0   0.0    0.0 0.0   0.0        0.0    0.0   0.0      0.0   0.0  0.0       0.0     0.0      0.0   0.0       0.0   0.0   0.0   0.0       0.0      0.0         
larger      0.0   0.0         0.0  0.0  0.0      0.0   0.0      0.0   0.0   0.0    0.0     0.0     0.0  0.0     0.0        0.0     0.0  0.0     0.0 0.0   0.0      0.0     0.0   0.0    0.0 0.0   0.0        0.0    0.0   0.0      0.0   0.0  0.0       0.0     0.0      0.0   0.0       0.0   0.0   1.0   0.0       0.0      0.0         
strange     0.0   0.0         0.0  0.0  0.0      0.0   0.0      0.0   0.0   0.0    0.0     0.0     0.0  0.0     0.0        0.0     0.0  0.0     0.0 0.0   0.0      0.0     0.0   0.0    0.0 0.0   0.0        0.0    0.0   0.0      0.0   0.0  0.0       0.0     0.0      0.0   0.0       0.0   0.0   1.0   0.0       0.0      0.0         
desired     1.0   0.0         0.0  0.0  0.0      0.0   0.0      0.0   0.0   0.0    0.0     0.0     0.0  0.0     0.0        0.0     0.0  0.0     0.0 0.0   0.0      0.0     0.0   0.0    0.0 0.0   0.0        0.0    0.0   0.0      0.0   0.0  0.0       0.0     0.0      0.0   0.0       0.0   0.0   0.0   0.0       0.0      0.0         
high        0.0   0.0         0.0  0.0  0.0      0.0   0.0      0.0   0.0   0.0    0.0     0.0     3.0  0.0     0.0        0.0     0.0  0.0     0.0 0.0   0.0      0.0     0.0   0.0    0.0 0.0   0.0        0.0    0.0   0.0      0.0   0.0  0.0       0.0     0.0      0.0   0.0       0.0   0.0   0.0   0.0       0.0      0.0         
coastal     0.0   0.0         0.0  0.0  0.0      0.0   0.0      0.0   0.0   0.0    0.0     0.0     0.0  1.0     0.0        0.0     0.0  0.0     0.0 0.0   0.0      0.0     0.0   0.0    0.0 0.0   0.0        0.0    0.0   0.0      0.0   0.0  0.0       0.0     0.0      0.0   0.0       0.0   0.0   0.0   0.0       0.0      0.0         
comparable  1.0   0.0         0.0  0.0  0.0      0.0   0.0      0.0   0.0   0.0    0.0     0.0     0.0  0.0     0.0        0.0     0.0  0.0     0.0 0.0   0.0      0.0     0.0   0.0    0.0 0.0   0.0        0.0    0.0   0.0      0.0   0.0  0.0       0.0     0.0      0.0   0.0       0.0   0.0   0.0   0.0       0.0      0.0         
primary     1.0   0.0         0.0  0.0  0.0      0.0   0.0      0.0   0.0   0.0    0.0     0.0     0.0  0.0     0.0        0.0     0.0  0.0     0.0 0.0   0.0      0.0     0.0   0.0    0.0 0.0   0.0        0.0    0.0   0.0      0.0   0.0  0.0       0.0     0.0      0.0   0.0       0.0   0.0   0.0   0.0       0.0      0.0         
many        2.0   0.0         0.0  0.0  0.0      0.0   0.0      0.0   0.0   0.0    0.0     0.0     0.0  0.0     0.0        0.0     0.0  0.0     0.0 0.0   0.0      0.0     0.0   0.0    0.0 0.0   0.0        0.0    0.0   0.0      0.0   0.0  0.0       0.0     0.0      0.0   0.0       0.0   0.0   0.0   0.0       0.0      0.0         
rolling     0.0   0.0         0.0  0.0  0.0      0.0   0.0      0.0   0.0   0.0    0.0     0.0     0.0  0.0     0.0        0.0     0.0  1.0     0.0 0.0   0.0      0.0     0.0   0.0    0.0 0.0   0.0        0.0    0.0   0.0      0.0   0.0  0.0       0.0     0.0      0.0   0.0       0.0   0.0   0.0   0.0       0.0      0.0         
new         1.0   0.0         0.0  0.0  0.0      0.0   0.0      0.0   0.0   0.0    0.0     0.0     0.0  0.0     0.0        0.0     0.0  0.0     0.0 0.0   0.0      0.0     0.0   0.0    0.0 0.0   0.0        0.0    0.0   0.0      0.0   0.0  0.0       0.0     0.0      0.0   0.0       0.0   0.0   1.0   0.0       0.0      0.0         
small       0.0   0.0         0.0  0.0  0.0      0.0   0.0      0.0   0.0   0.0    0.0     0.0     0.0  0.0     0.0        0.0     0.0  0.0     0.0 4.0   0.0      0.0     0.0   0.0    0.0 0.0   0.0        0.0    0.0   0.0      0.0   0.0  0.0       0.0     0.0      0.0   0.0       0.0   0.0   0.0   0.0       0.0      0.0         
national    0.0   0.0         0.0  0.0  0.0      0.0   0.0      0.0   0.0   0.0    0.0     0.0     0.0  0.0     0.0        0.0     0.0  0.0     0.0 0.0   0.0      0.0     0.0   0.0    0.0 0.0   0.0        0.0    0.0   0.0      0.0   0.0  0.0       0.0     0.0      0.0   0.0       0.0   0.0   1.0   0.0       0.0      0.0         
smaller     0.0   0.0         0.0  0.0  0.0      0.0   0.0      0.0   0.0   0.0    0.0     0.0     0.0  0.0     0.0        0.0     0.0  0.0     0.0 0.0   0.0      1.0     0.0   0.0    0.0 0.0   0.0        0.0    0.0   0.0      0.0   0.0  0.0       0.0     0.0      0.0   0.0       0.0   0.0   0.0   0.0       0.0      0.0         
rural       0.0   0.0         0.0  0.0  0.0      0.0   0.0      0.0   0.0   0.0    0.0     0.0     0.0  0.0     0.0        0.0     0.0  0.0     0.0 0.0   0.0      0.0     0.0   0.0    0.0 0.0   0.0        0.0    0.0   0.0      0.0   0.0  0.0       0.0     0.0      0.0   0.0       0.0   0.0   1.0   0.0       0.0      0.0         
driest      0.0   0.0         0.0  0.0  0.0      0.0   0.0      0.0   0.0   0.0    0.0     0.0     0.0  0.0     0.0        0.0     0.0  0.0     0.0 0.0   0.0      0.0     0.0   0.0    0.0 0.0   0.0        0.0    0.0   0.0      0.0   0.0  0.0       0.0     0.0      0.0   0.0       0.0   0.0   1.0   0.0       0.0      0.0         
dry         1.0   0.0         0.0  0.0  0.0      0.0   0.0      0.0   0.0   0.0    0.0     0.0     0.0  0.0     0.0        0.0     0.0  0.0     0.0 0.0   0.0      0.0     0.0   0.0    0.0 0.0   0.0        0.0    0.0   0.0      0.0   0.0  0.0       0.0     0.0      0.0   0.0       0.0   0.0   0.0   0.0       0.0      0.0         
nicer       1.0   0.0         0.0  0.0  0.0      0.0   0.0      0.0   0.0   0.0    0.0     0.0     0.0  0.0     0.0        0.0     0.0  0.0     0.0 0.0   0.0      0.0     0.0   0.0    0.0 0.0   0.0        0.0    0.0   0.0      0.0   0.0  0.0       0.0     0.0      0.0   0.0       0.0   0.0   0.0   0.0       0.0      0.0         
indigenous  2.0   0.0         0.0  0.0  0.0      0.0   0.0      0.0   0.0   0.0    0.0     0.0     0.0  0.0     0.0        0.0     0.0  0.0     0.0 0.0   0.0      0.0     0.0   0.0    0.0 0.0   0.0        0.0    0.0   0.0      0.0   0.0  0.0       0.0     0.0      0.0   0.0       0.0   0.0   0.0   0.0       0.0      0.0         
poorer      1.0   0.0         0.0  0.0  0.0      0.0   0.0      0.0   0.0   0.0    0.0     0.0     0.0  0.0     0.0        0.0     0.0  0.0     0.0 0.0   0.0      0.0     0.0   0.0    0.0 0.0   0.0        0.0    0.0   0.0      0.0   0.0  0.0       0.0     0.0      0.0   0.0       0.0   0.0   0.0   0.0       0.0      0.0         
major       0.0   0.0         0.0  0.0  0.0      0.0   0.0      0.0   0.0   0.0    0.0     0.0     0.0  0.0     0.0        0.0     0.0  0.0     0.0 0.0   0.0      0.0     0.0   0.0    0.0 0.0   0.0        0.0    1.0   0.0      0.0   0.0  0.0       0.0     0.0      0.0   0.0       0.0   0.0   0.0   0.0       0.0      0.0         
adjacent    1.0   0.0         0.0  0.0  0.0      0.0   0.0      0.0   0.0   0.0    0.0     0.0     0.0  0.0     0.0        0.0     0.0  0.0     0.0 0.0   0.0      0.0     0.0   0.0    0.0 0.0   0.0        0.0    0.0   0.0      0.0   0.0  0.0       0.0     0.0      0.0   0.0       0.0   0.0   0.0   0.0       0.0      0.0         
first       1.0   0.0         0.0  0.0  0.0      0.0   0.0      0.0   0.0   0.0    0.0     0.0     0.0  0.0     0.0        0.0     0.0  0.0     0.0 0.0   0.0      0.0     0.0   0.0    0.0 0.0   0.0        0.0    0.0   0.0      0.0   0.0  0.0       0.0     0.0      0.0   0.0       0.0   0.0   0.0   0.0       0.0      0.0         
huge        0.0   0.0         0.0  0.0  0.0      0.0   0.0      0.0   0.0   0.0    0.0     0.0     0.0  0.0     0.0        0.0     0.0  0.0     0.0 0.0   0.0      0.0     0.0   0.0    0.0 0.0   0.0        0.0    0.0   0.0      0.0   1.0  0.0       0.0     0.0      0.0   0.0       0.0   0.0   0.0   0.0       0.0      0.0         
beautiful   1.0   0.0         0.0  0.0  0.0      0.0   0.0      0.0   0.0   0.0    0.0     0.0     0.0  0.0     0.0        0.0     0.0  0.0     0.0 0.0   0.0      0.0     0.0   0.0    0.0 0.0   0.0        0.0    0.0   0.0      0.0   0.0  0.0       0.0     0.0      0.0   0.0       0.0   0.0   0.0   0.0       0.0      0.0         
highest     0.0   0.0         0.0  0.0  0.0      0.0   0.0      0.0   0.0   0.0    0.0     0.0     0.0  0.0     0.0        0.0     0.0  0.0     0.0 0.0   0.0      0.0     0.0   0.0    0.0 0.0   0.0        0.0    0.0   0.0      0.0   0.0  0.0       1.0     0.0      0.0   0.0       0.0   0.0   0.0   0.0       0.0      0.0         
half-way    1.0   0.0         0.0  0.0  0.0      0.0   0.0      0.0   0.0   0.0    0.0     0.0     0.0  0.0     0.0        0.0     0.0  0.0     0.0 0.0   0.0      0.0     0.0   0.0    0.0 0.0   0.0        0.0    0.0   0.0      0.0   0.0  0.0       0.0     0.0      0.0   0.0       0.0   0.0   0.0   0.0       0.0      0.0         
Coral       1.0   0.0         0.0  0.0  0.0      0.0   0.0      0.0   0.0   0.0    0.0     0.0     0.0  0.0     0.0        0.0     0.0  0.0     0.0 0.0   0.0      0.0     0.0   0.0    0.0 0.0   0.0        0.0    0.0   0.0      0.0   0.0  0.0       0.0     0.0      0.0   0.0       0.0   0.0   0.0   0.0       0.0      0.0         
following   1.0   0.0         0.0  0.0  0.0      0.0   0.0      0.0   0.0   0.0    0.0     0.0     0.0  0.0     0.0        0.0     0.0  0.0     0.0 0.0   0.0      0.0     0.0   0.0    0.0 0.0   0.0        0.0    0.0   0.0      0.0   0.0  0.0       0.0     0.0      0.0   0.0       0.0   0.0   0.0   0.0       0.0      0.0         
toped       0.0   0.0         0.0  0.0  0.0      0.0   0.0      0.0   0.0   0.0    0.0     0.0     0.0  0.0     0.0        0.0     0.0  0.0     0.0 0.0   0.0      0.0     0.0   0.0    0.0 0.0   0.0        0.0    0.0   0.0      0.0   0.0  0.0       0.0     0.0      0.0   0.0       0.0   0.0   0.0   0.0       0.0      1.0         
beech       1.0   0.0         0.0  0.0  0.0      0.0   0.0      0.0   0.0   0.0    0.0     0.0     0.0  0.0     0.0        0.0     0.0  0.0     0.0 0.0   0.0      0.0     0.0   0.0    0.0 0.0   0.0        0.0    0.0   0.0      0.0   0.0  0.0       0.0     0.0      0.0   0.0       0.0   0.0   0.0   0.0       0.0      0.0         
False       0.0   0.0         0.0  0.0  0.0      0.0   0.0      0.0   0.0   0.0    0.0     0.0     0.0  0.0     0.0        0.0     0.0  0.0     0.0 0.0   0.0      0.0     0.0   0.0    0.0 0.0   0.0        0.0    0.0   0.0      0.0   0.0  0.0       0.0     0.0      0.0   0.0       0.0   0.0   0.0   0.0       0.0      0.0         
reserve's   0.0   0.0         0.0  0.0  0.0      0.0   0.0      0.0   0.0   0.0    0.0     0.0     0.0  0.0     0.0        0.0     0.0  0.0     0.0 0.0   0.0      0.0     0.0   0.0    0.0 0.0   0.0        0.0    0.0   0.0      0.0   0.0  0.0       0.0     0.0      0.0   0.0       0.0   0.0   0.0   0.0       0.0      0.0         
southern    0.0   0.0         0.0  0.0  0.0      0.0   0.0      0.0   0.0   0.0    0.0     0.0     0.0  0.0     0.0        0.0     0.0  0.0     0.0 0.0   0.0      0.0     0.0   0.0    0.0 0.0   0.0        0.0    0.0   0.0      0.0   0.0  0.0       0.0     0.0      0.0   0.0       0.0   0.0   0.0   0.0       0.0      0.0         
flat topped 0.0   0.0         0.0  0.0  0.0      0.0   0.0      0.0   0.0   0.0    0.0     0.0     0.0  0.0     0.0        0.0     0.0  0.0     0.0 0.0   0.0      0.0     0.0   0.0    0.0 0.0   0.0        0.0    0.0   0.0      0.0   0.0  0.0       0.0     0.0      0.0   0.0       0.0   0.0   0.0   0.0       0.0      0.0         

=========  =========
Precision: 0.875000 
Recall: 0.918440
F-measure 0.896194
========= Uninhabited =========
Precision: 0.000000 
Recall: 0.000000
F-measure 0.000000
========= Left =========
Precision: 0.000000 
Recall: 0.000000
F-measure 0.000000
========= Same =========
Precision: 0.000000 
Recall: 0.000000
F-measure 0.000000
========= Historic =========
Precision: 0.000000 
Recall: 0.000000
F-measure 0.000000
========= Large =========
Precision: 0.000000 
Recall: 0.000000
F-measure 0.000000
========= Northern =========
Precision: 1.000000 
Recall: 1.000000
F-measure 1.000000
========= Coral =========
Precision: 0.000000 
Recall: 0.000000
F-measure 0.000000
========= Other =========
Precision: 0.000000 
Recall: 0.000000
F-measure 0.000000
========= Larger =========
Precision: 0.000000 
Recall: 0.000000
F-measure 0.000000
========= Strange =========
Precision: 0.000000 
Recall: 0.000000
F-measure 0.000000
========= Desired =========
Precision: 0.000000 
Recall: 0.000000
F-measure 0.000000
========= High =========
Precision: 1.000000 
Recall: 1.000000
F-measure 1.000000
========= Coastal =========
Precision: 1.000000 
Recall: 1.000000
F-measure 1.000000
========= Comparable =========
Precision: 0.000000 
Recall: 0.000000
F-measure 0.000000
========= Primary =========
Precision: 0.000000 
Recall: 0.000000
F-measure 0.000000
========= Many =========
Precision: 0.000000 
Recall: 0.000000
F-measure 0.000000
========= Rolling =========
Precision: 1.000000 
Recall: 1.000000
F-measure 1.000000
========= New =========
Precision: 0.000000 
Recall: 0.000000
F-measure 0.000000
========= Small =========
Precision: 1.000000 
Recall: 0.666667
F-measure 0.800000
========= National =========
Precision: 0.000000 
Recall: 0.000000
F-measure 0.000000
========= Smaller =========
Precision: 1.000000 
Recall: 1.000000
F-measure 1.000000
========= Rural =========
Precision: 0.000000 
Recall: 0.000000
F-measure 0.000000
========= Driest =========
Precision: 0.000000 
Recall: 0.000000
F-measure 0.000000
========= Dry =========
Precision: 0.000000 
Recall: 0.000000
F-measure 0.000000
========= Nicer =========
Precision: 0.000000 
Recall: 0.000000
F-measure 0.000000
========= Indigenous =========
Precision: 0.000000 
Recall: 0.000000
F-measure 0.000000
========= Poorer =========
Precision: 0.000000 
Recall: 0.000000
F-measure 0.000000
========= Major =========
Precision: 1.000000 
Recall: 1.000000
F-measure 1.000000
========= Adjacent =========
Precision: 0.000000 
Recall: 0.000000
F-measure 0.000000
========= First =========
Precision: 0.000000 
Recall: 0.000000
F-measure 0.000000
========= Huge =========
Precision: 1.000000 
Recall: 1.000000
F-measure 1.000000
========= Beautiful =========
Precision: 0.000000 
Recall: 0.000000
F-measure 0.000000
========= Highest =========
Precision: 1.000000 
Recall: 1.000000
F-measure 1.000000
========= Half-Way =========
Precision: 0.000000 
Recall: 0.000000
F-measure 0.000000
========= Coral =========
Precision: 0.000000 
Recall: 0.000000
F-measure 0.000000
========= Following =========
Precision: 0.000000 
Recall: 0.000000
F-measure 0.000000
========= Toped =========
Precision: 0.000000 
Recall: 0.000000
F-measure 0.000000
========= Beech =========
Precision: 0.000000 
Recall: 0.000000
F-measure 0.000000
========= False =========
Precision: 0.000000 
Recall: 0.000000
F-measure 0.000000
========= Reserve'S =========
Precision: 0.000000 
Recall: 0.000000
F-measure 0.000000
========= Southern =========
Precision: 0.000000 
Recall: 0.000000
F-measure 0.000000
========= Flat Topped =========
Precision: 0.000000 
Recall: 0.000000
F-measure 0.000000

Accuracy: 79.883382%


========== SPATIAL_ENTITY - dimensionality ==========
row = predicted, column = actual
       AREA VOLUME       POINT False 
AREA   12.0 5.0    147.0 26.0  17.0  
VOLUME 20.0 10.0   76.0  15.0  28.0  
       0.0  0.0    0.0   0.0   0.0   
POINT  0.0  0.0    0.0   0.0   0.0   
False  0.0  0.0    0.0   0.0   0.0   

========= Area =========
Precision: 0.057971 
Recall: 0.375000
F-measure 0.100418
========= Volume =========
Precision: 0.067114 
Recall: 0.666667
F-measure 0.121951
=========  =========
Precision: 0.000000 
Recall: 0.000000
F-measure 0.000000
========= Point =========
Precision: 0.000000 
Recall: 0.000000
F-measure 0.000000
========= False =========
Precision: 0.000000 
Recall: 0.000000
F-measure 0.000000

Accuracy: 6.179775%


========== SPATIAL_ENTITY - mod ==========
row = predicted, column = actual
                  old numerous entire young huge wooden wayside only thick nice deciduous plastic few organic alive pannier unique Many other less many Colombian paramo previous green Andean gazing horse*drawn more False large big 
            286.0 0.0 0.0      0.0    0.0   0.0  0.0    0.0     0.0  0.0   0.0  0.0       0.0     0.0 0.0     0.0   0.0     0.0    0.0  0.0   0.0  0.0  0.0       0.0    0.0      0.0   0.0    0.0    0.0         0.0  39.0  0.0   0.0 
old         1.0   0.0 0.0      0.0    0.0   0.0  0.0    0.0     0.0  0.0   0.0  0.0       0.0     0.0 0.0     0.0   0.0     0.0    0.0  0.0   0.0  0.0  0.0       0.0    0.0      0.0   0.0    0.0    0.0         0.0  0.0   0.0   0.0 
numerous    1.0   0.0 0.0      0.0    0.0   0.0  0.0    0.0     0.0  0.0   0.0  0.0       0.0     0.0 0.0     0.0   0.0     0.0    0.0  0.0   0.0  0.0  0.0       0.0    0.0      0.0   0.0    0.0    0.0         0.0  0.0   0.0   0.0 
entire      2.0   0.0 0.0      0.0    0.0   0.0  0.0    0.0     0.0  0.0   0.0  0.0       0.0     0.0 0.0     0.0   0.0     0.0    0.0  0.0   0.0  0.0  0.0       0.0    0.0      0.0   0.0    0.0    0.0         0.0  0.0   0.0   0.0 
young       0.0   0.0 0.0      0.0    0.0   0.0  0.0    0.0     0.0  0.0   0.0  0.0       0.0     0.0 0.0     0.0   0.0     0.0    0.0  0.0   0.0  0.0  0.0       0.0    0.0      0.0   0.0    0.0    0.0         0.0  1.0   0.0   0.0 
huge        0.0   0.0 0.0      0.0    0.0   0.0  0.0    0.0     0.0  0.0   0.0  0.0       0.0     0.0 0.0     0.0   0.0     0.0    0.0  0.0   0.0  0.0  0.0       0.0    0.0      0.0   0.0    0.0    0.0         0.0  1.0   0.0   0.0 
wooden      0.0   0.0 0.0      0.0    0.0   0.0  0.0    0.0     0.0  0.0   0.0  0.0       0.0     0.0 0.0     0.0   0.0     0.0    0.0  0.0   0.0  0.0  0.0       0.0    0.0      0.0   0.0    0.0    0.0         0.0  0.0   0.0   1.0 
wayside     1.0   0.0 0.0      0.0    0.0   0.0  0.0    0.0     0.0  0.0   0.0  0.0       0.0     0.0 0.0     0.0   0.0     0.0    0.0  0.0   0.0  0.0  0.0       0.0    0.0      0.0   0.0    0.0    0.0         0.0  0.0   0.0   0.0 
only        1.0   0.0 0.0      0.0    0.0   0.0  0.0    0.0     0.0  0.0   0.0  0.0       0.0     0.0 0.0     0.0   0.0     0.0    0.0  0.0   0.0  0.0  0.0       0.0    0.0      0.0   0.0    0.0    0.0         0.0  0.0   0.0   0.0 
thick       0.0   0.0 0.0      0.0    0.0   0.0  0.0    0.0     0.0  1.0   0.0  0.0       0.0     0.0 0.0     0.0   0.0     0.0    0.0  0.0   0.0  0.0  0.0       0.0    0.0      0.0   0.0    0.0    0.0         0.0  0.0   0.0   0.0 
nice        1.0   0.0 0.0      0.0    0.0   0.0  0.0    0.0     0.0  0.0   0.0  0.0       0.0     0.0 0.0     0.0   0.0     0.0    0.0  0.0   0.0  0.0  0.0       0.0    0.0      0.0   0.0    0.0    0.0         0.0  0.0   0.0   0.0 
deciduous   1.0   0.0 0.0      0.0    0.0   0.0  0.0    0.0     0.0  0.0   0.0  0.0       0.0     0.0 0.0     0.0   0.0     0.0    0.0  0.0   0.0  0.0  0.0       0.0    0.0      0.0   0.0    0.0    0.0         0.0  0.0   0.0   0.0 
plastic     0.0   0.0 0.0      0.0    0.0   0.0  0.0    0.0     0.0  0.0   0.0  0.0       0.0     0.0 0.0     0.0   0.0     0.0    0.0  0.0   0.0  0.0  0.0       0.0    0.0      0.0   0.0    0.0    0.0         0.0  0.0   1.0   0.0 
few         2.0   0.0 0.0      0.0    0.0   0.0  0.0    0.0     0.0  0.0   0.0  0.0       0.0     0.0 0.0     0.0   0.0     0.0    0.0  0.0   0.0  0.0  0.0       0.0    0.0      0.0   0.0    0.0    0.0         0.0  0.0   0.0   0.0 
organic     0.0   0.0 0.0      0.0    0.0   0.0  0.0    0.0     0.0  0.0   0.0  0.0       0.0     0.0 0.0     0.0   0.0     0.0    0.0  0.0   0.0  0.0  0.0       0.0    0.0      0.0   0.0    0.0    0.0         0.0  1.0   0.0   0.0 
alive       1.0   0.0 0.0      0.0    0.0   0.0  0.0    0.0     0.0  0.0   0.0  0.0       0.0     0.0 0.0     0.0   0.0     0.0    0.0  0.0   0.0  0.0  0.0       0.0    0.0      0.0   0.0    0.0    0.0         0.0  0.0   0.0   0.0 
pannier     1.0   0.0 0.0      0.0    0.0   0.0  0.0    0.0     0.0  0.0   0.0  0.0       0.0     0.0 0.0     0.0   0.0     0.0    0.0  0.0   0.0  0.0  0.0       0.0    0.0      0.0   0.0    0.0    0.0         0.0  0.0   0.0   0.0 
unique      1.0   0.0 0.0      0.0    0.0   0.0  0.0    0.0     0.0  0.0   0.0  0.0       0.0     0.0 0.0     0.0   0.0     0.0    0.0  0.0   0.0  0.0  0.0       0.0    0.0      0.0   0.0    0.0    0.0         0.0  0.0   0.0   0.0 
Many        1.0   0.0 0.0      0.0    0.0   0.0  0.0    0.0     0.0  0.0   0.0  0.0       0.0     0.0 0.0     0.0   0.0     0.0    0.0  0.0   0.0  0.0  0.0       0.0    0.0      0.0   0.0    0.0    0.0         0.0  0.0   0.0   0.0 
other       1.0   0.0 0.0      0.0    0.0   0.0  0.0    0.0     0.0  0.0   0.0  0.0       0.0     0.0 0.0     0.0   0.0     0.0    0.0  0.0   0.0  0.0  0.0       0.0    0.0      0.0   0.0    0.0    0.0         0.0  0.0   0.0   0.0 
less        1.0   0.0 0.0      0.0    0.0   0.0  0.0    0.0     0.0  0.0   0.0  0.0       0.0     0.0 0.0     0.0   0.0     0.0    0.0  0.0   0.0  0.0  0.0       0.0    0.0      0.0   0.0    0.0    0.0         0.0  0.0   0.0   0.0 
many        1.0   0.0 0.0      0.0    0.0   0.0  0.0    0.0     0.0  0.0   0.0  0.0       0.0     0.0 0.0     0.0   0.0     0.0    0.0  0.0   0.0  0.0  0.0       0.0    0.0      0.0   0.0    0.0    0.0         0.0  0.0   0.0   0.0 
Colombian   0.0   0.0 0.0      0.0    0.0   0.0  0.0    0.0     0.0  0.0   0.0  0.0       0.0     0.0 0.0     0.0   0.0     0.0    0.0  0.0   0.0  0.0  0.0       0.0    0.0      0.0   0.0    0.0    0.0         0.0  1.0   0.0   0.0 
paramo      0.0   0.0 0.0      0.0    0.0   0.0  0.0    0.0     0.0  0.0   0.0  0.0       0.0     0.0 0.0     0.0   0.0     0.0    0.0  0.0   0.0  0.0  0.0       0.0    0.0      0.0   0.0    0.0    0.0         0.0  1.0   0.0   0.0 
previous    1.0   0.0 0.0      0.0    0.0   0.0  0.0    0.0     0.0  0.0   0.0  0.0       0.0     0.0 0.0     0.0   0.0     0.0    0.0  0.0   0.0  0.0  0.0       0.0    0.0      0.0   0.0    0.0    0.0         0.0  0.0   0.0   0.0 
green       1.0   0.0 0.0      0.0    0.0   0.0  0.0    0.0     0.0  0.0   0.0  0.0       0.0     0.0 0.0     0.0   0.0     0.0    0.0  0.0   0.0  0.0  0.0       0.0    0.0      0.0   0.0    0.0    0.0         0.0  0.0   0.0   0.0 
Andean      0.0   0.0 0.0      0.0    0.0   0.0  0.0    0.0     0.0  0.0   0.0  0.0       0.0     0.0 0.0     0.0   0.0     0.0    0.0  0.0   0.0  0.0  0.0       0.0    0.0      0.0   0.0    0.0    0.0         0.0  1.0   0.0   0.0 
gazing      1.0   0.0 0.0      0.0    0.0   0.0  0.0    0.0     0.0  0.0   0.0  0.0       0.0     0.0 0.0     0.0   0.0     0.0    0.0  0.0   0.0  0.0  0.0       0.0    0.0      0.0   0.0    0.0    0.0         0.0  0.0   0.0   0.0 
horse*drawn 1.0   0.0 0.0      0.0    0.0   0.0  0.0    0.0     0.0  0.0   0.0  0.0       0.0     0.0 0.0     0.0   0.0     0.0    0.0  0.0   0.0  0.0  0.0       0.0    0.0      0.0   0.0    0.0    0.0         0.0  0.0   0.0   0.0 
more        1.0   0.0 0.0      0.0    0.0   0.0  0.0    0.0     0.0  0.0   0.0  0.0       0.0     0.0 0.0     0.0   0.0     0.0    0.0  0.0   0.0  0.0  0.0       0.0    0.0      0.0   0.0    0.0    0.0         0.0  0.0   0.0   0.0 
False       0.0   0.0 0.0      0.0    0.0   0.0  0.0    0.0     0.0  0.0   0.0  0.0       0.0     0.0 0.0     0.0   0.0     0.0    0.0  0.0   0.0  0.0  0.0       0.0    0.0      0.0   0.0    0.0    0.0         0.0  0.0   0.0   0.0 
large       0.0   0.0 0.0      0.0    0.0   0.0  0.0    0.0     0.0  0.0   0.0  0.0       0.0     0.0 0.0     0.0   0.0     0.0    0.0  0.0   0.0  0.0  0.0       0.0    0.0      0.0   0.0    0.0    0.0         0.0  0.0   0.0   0.0 
big         0.0   0.0 0.0      0.0    0.0   0.0  0.0    0.0     0.0  0.0   0.0  0.0       0.0     0.0 0.0     0.0   0.0     0.0    0.0  0.0   0.0  0.0  0.0       0.0    0.0      0.0   0.0    0.0    0.0         0.0  0.0   0.0   0.0 

=========  =========
Precision: 0.880000 
Recall: 0.928571
F-measure 0.903633
========= Old =========
Precision: 0.000000 
Recall: 0.000000
F-measure 0.000000
========= Numerous =========
Precision: 0.000000 
Recall: 0.000000
F-measure 0.000000
========= Entire =========
Precision: 0.000000 
Recall: 0.000000
F-measure 0.000000
========= Young =========
Precision: 0.000000 
Recall: 0.000000
F-measure 0.000000
========= Huge =========
Precision: 0.000000 
Recall: 0.000000
F-measure 0.000000
========= Wooden =========
Precision: 0.000000 
Recall: 0.000000
F-measure 0.000000
========= Wayside =========
Precision: 0.000000 
Recall: 0.000000
F-measure 0.000000
========= Only =========
Precision: 0.000000 
Recall: 0.000000
F-measure 0.000000
========= Thick =========
Precision: 1.000000 
Recall: 1.000000
F-measure 1.000000
========= Nice =========
Precision: 0.000000 
Recall: 0.000000
F-measure 0.000000
========= Deciduous =========
Precision: 0.000000 
Recall: 0.000000
F-measure 0.000000
========= Plastic =========
Precision: 0.000000 
Recall: 0.000000
F-measure 0.000000
========= Few =========
Precision: 0.000000 
Recall: 0.000000
F-measure 0.000000
========= Organic =========
Precision: 0.000000 
Recall: 0.000000
F-measure 0.000000
========= Alive =========
Precision: 0.000000 
Recall: 0.000000
F-measure 0.000000
========= Pannier =========
Precision: 0.000000 
Recall: 0.000000
F-measure 0.000000
========= Unique =========
Precision: 0.000000 
Recall: 0.000000
F-measure 0.000000
========= Many =========
Precision: 0.000000 
Recall: 0.000000
F-measure 0.000000
========= Other =========
Precision: 0.000000 
Recall: 0.000000
F-measure 0.000000
========= Less =========
Precision: 0.000000 
Recall: 0.000000
F-measure 0.000000
========= Many =========
Precision: 0.000000 
Recall: 0.000000
F-measure 0.000000
========= Colombian =========
Precision: 0.000000 
Recall: 0.000000
F-measure 0.000000
========= Paramo =========
Precision: 0.000000 
Recall: 0.000000
F-measure 0.000000
========= Previous =========
Precision: 0.000000 
Recall: 0.000000
F-measure 0.000000
========= Green =========
Precision: 0.000000 
Recall: 0.000000
F-measure 0.000000
========= Andean =========
Precision: 0.000000 
Recall: 0.000000
F-measure 0.000000
========= Gazing =========
Precision: 0.000000 
Recall: 0.000000
F-measure 0.000000
========= Horse*Drawn =========
Precision: 0.000000 
Recall: 0.000000
F-measure 0.000000
========= More =========
Precision: 0.000000 
Recall: 0.000000
F-measure 0.000000
========= False =========
Precision: 0.000000 
Recall: 0.000000
F-measure 0.000000
========= Large =========
Precision: 0.000000 
Recall: 0.000000
F-measure 0.000000
========= Big =========
Precision: 0.000000 
Recall: 0.000000
F-measure 0.000000

Accuracy: 80.617978%


========== PLACE - form ==========
row = predicted, column = actual
      NOM   NAM   False 
NOM   167.0 1.0   30.0  
NAM   9.0   126.0 10.0  
False 0.0   0.0   0.0   

========= Nom =========
Precision: 0.843434 
Recall: 0.948864
F-measure 0.893048
========= Nam =========
Precision: 0.868966 
Recall: 0.992126
F-measure 0.926471
========= False =========
Precision: 0.000000 
Recall: 0.000000
F-measure 0.000000

Accuracy: 85.422741%


========== MOTION - motion_sense ==========
row = predicted, column = actual
                 LITERAL False FICTIVE INTRINSIC_CHANGE 
LITERAL          169.0   17.0  10.0    2.0              
False            0.0     0.0   0.0     0.0              
FICTIVE          0.0     0.0   0.0     0.0              
INTRINSIC_CHANGE 0.0     0.0   0.0     0.0              

========= Literal =========
Precision: 0.853535 
Recall: 1.000000
F-measure 0.920981
========= False =========
Precision: 0.000000 
Recall: 0.000000
F-measure 0.000000
========= Fictive =========
Precision: 0.000000 
Recall: 0.000000
F-measure 0.000000
========= Intrinsic_Change =========
Precision: 0.000000 
Recall: 0.000000
F-measure 0.000000

Accuracy: 85.353535%


========== PATH - mod ==========
row = predicted, column = actual
              narrow northern major southern only small other lower used inland main steep nice upper busy Bavarian many False 
         75.0 0.0    0.0      0.0   0.0      0.0  0.0   0.0   0.0   0.0  0.0    0.0  0.0   0.0  0.0   0.0  0.0      0.0  6.0   
narrow   0.0  1.0    0.0      0.0   0.0      0.0  0.0   0.0   0.0   0.0  0.0    0.0  0.0   0.0  0.0   0.0  0.0      0.0  0.0   
northern 0.0  0.0    1.0      0.0   0.0      0.0  0.0   0.0   0.0   0.0  0.0    0.0  0.0   0.0  0.0   0.0  0.0      0.0  0.0   
major    0.0  0.0    0.0      2.0   0.0      0.0  0.0   0.0   0.0   0.0  0.0    0.0  0.0   0.0  0.0   0.0  0.0      0.0  0.0   
southern 0.0  0.0    0.0      0.0   1.0      0.0  0.0   0.0   0.0   0.0  0.0    0.0  0.0   0.0  0.0   0.0  0.0      0.0  0.0   
only     1.0  0.0    0.0      0.0   0.0      0.0  0.0   0.0   0.0   0.0  0.0    0.0  0.0   0.0  0.0   0.0  0.0      0.0  0.0   
small    0.0  0.0    0.0      0.0   0.0      0.0  1.0   0.0   0.0   0.0  0.0    0.0  0.0   0.0  0.0   0.0  0.0      0.0  0.0   
other    1.0  0.0    0.0      0.0   0.0      0.0  0.0   0.0   0.0   0.0  0.0    0.0  0.0   0.0  0.0   0.0  0.0      0.0  0.0   
lower    0.0  0.0    0.0      0.0   0.0      0.0  0.0   0.0   1.0   0.0  0.0    0.0  0.0   0.0  0.0   0.0  0.0      0.0  0.0   
used     1.0  0.0    0.0      0.0   0.0      0.0  0.0   0.0   0.0   0.0  0.0    0.0  0.0   0.0  0.0   0.0  0.0      0.0  0.0   
inland   1.0  0.0    0.0      0.0   0.0      0.0  0.0   0.0   0.0   0.0  0.0    0.0  0.0   0.0  0.0   0.0  0.0      0.0  0.0   
main     1.0  0.0    0.0      0.0   0.0      0.0  0.0   0.0   0.0   0.0  0.0    0.0  0.0   0.0  0.0   0.0  0.0      0.0  0.0   
steep    0.0  0.0    0.0      0.0   0.0      0.0  0.0   0.0   0.0   0.0  0.0    0.0  2.0   0.0  0.0   0.0  0.0      0.0  0.0   
nice     1.0  0.0    0.0      0.0   0.0      0.0  0.0   0.0   0.0   0.0  0.0    0.0  0.0   0.0  0.0   0.0  0.0      0.0  0.0   
upper    1.0  0.0    0.0      0.0   0.0      0.0  0.0   0.0   0.0   0.0  0.0    0.0  0.0   0.0  0.0   0.0  0.0      0.0  0.0   
busy     1.0  0.0    0.0      0.0   0.0      0.0  0.0   0.0   0.0   0.0  0.0    0.0  0.0   0.0  0.0   0.0  0.0      0.0  0.0   
Bavarian 1.0  0.0    0.0      0.0   0.0      0.0  0.0   0.0   0.0   0.0  0.0    0.0  0.0   0.0  0.0   0.0  0.0      0.0  0.0   
many     1.0  0.0    0.0      0.0   0.0      0.0  0.0   0.0   0.0   0.0  0.0    0.0  0.0   0.0  0.0   0.0  0.0      0.0  0.0   
False    0.0  0.0    0.0      0.0   0.0      0.0  0.0   0.0   0.0   0.0  0.0    0.0  0.0   0.0  0.0   0.0  0.0      0.0  0.0   

=========  =========
Precision: 0.925926 
Recall: 0.882353
F-measure 0.903614
========= Narrow =========
Precision: 1.000000 
Recall: 1.000000
F-measure 1.000000
========= Northern =========
Precision: 1.000000 
Recall: 1.000000
F-measure 1.000000
========= Major =========
Precision: 1.000000 
Recall: 1.000000
F-measure 1.000000
========= Southern =========
Precision: 1.000000 
Recall: 1.000000
F-measure 1.000000
========= Only =========
Precision: 0.000000 
Recall: 0.000000
F-measure 0.000000
========= Small =========
Precision: 1.000000 
Recall: 1.000000
F-measure 1.000000
========= Other =========
Precision: 0.000000 
Recall: 0.000000
F-measure 0.000000
========= Lower =========
Precision: 1.000000 
Recall: 1.000000
F-measure 1.000000
========= Used =========
Precision: 0.000000 
Recall: 0.000000
F-measure 0.000000
========= Inland =========
Precision: 0.000000 
Recall: 0.000000
F-measure 0.000000
========= Main =========
Precision: 0.000000 
Recall: 0.000000
F-measure 0.000000
========= Steep =========
Precision: 1.000000 
Recall: 1.000000
F-measure 1.000000
========= Nice =========
Precision: 0.000000 
Recall: 0.000000
F-measure 0.000000
========= Upper =========
Precision: 0.000000 
Recall: 0.000000
F-measure 0.000000
========= Busy =========
Precision: 0.000000 
Recall: 0.000000
F-measure 0.000000
========= Bavarian =========
Precision: 0.000000 
Recall: 0.000000
F-measure 0.000000
========= Many =========
Precision: 0.000000 
Recall: 0.000000
F-measure 0.000000
========= False =========
Precision: 0.000000 
Recall: 0.000000
F-measure 0.000000

Accuracy: 84.000000%


========== NONMOTION_EVENT - countable ==========
row = predicted, column = actual
           False TRUE FALSE 
      47.0 9.0   10.0 3.0   
False 0.0  0.0   0.0  0.0   
TRUE  0.0  0.0   0.0  0.0   
FALSE 0.0  0.0   0.0  0.0   

=========  =========
Precision: 0.681159 
Recall: 1.000000
F-measure 0.810345
========= False =========
Precision: 0.000000 
Recall: 0.000000
F-measure 0.000000
========= True =========
Precision: 0.000000 
Recall: 0.000000
F-measure 0.000000
========= False =========
Precision: 0.000000 
Recall: 0.000000
F-measure 0.000000

Accuracy: 68.115942%


========== PATH - form ==========
row = predicted, column = actual
      NOM  NAM False 
NOM   84.0 1.0 5.0   
NAM   3.0  6.0 1.0   
False 0.0  0.0 0.0   

========= Nom =========
Precision: 0.933333 
Recall: 0.965517
F-measure 0.949153
========= Nam =========
Precision: 0.600000 
Recall: 0.857143
F-measure 0.705882
========= False =========
Precision: 0.000000 
Recall: 0.000000
F-measure 0.000000

Accuracy: 90.000000%


========== NONMOTION_EVENT - mod ==========
row = predicted, column = actual
           False 
      60.0 9.0   
False 0.0  0.0   

=========  =========
Precision: 0.869565 
Recall: 1.000000
F-measure 0.930233
========= False =========
Precision: 0.000000 
Recall: 0.000000
F-measure 0.000000

Accuracy: 86.956522%


========== SPATIAL_ENTITY - countable ==========
row = predicted, column = actual
      TRUE  FALSE False 
TRUE  297.0 14.0  40.0  
FALSE 0.0   0.0   5.0   
False 0.0   0.0   0.0   

========= True =========
Precision: 0.846154 
Recall: 1.000000
F-measure 0.916667
========= False =========
Precision: 0.000000 
Recall: 0.000000
F-measure 0.000000
========= False =========
Precision: 0.000000 
Recall: 0.000000
F-measure 0.000000

Accuracy: 83.426966%


========== MOTION - motion_type ==========
row = predicted, column = actual
         COMPOUND PATH MANNER False 
COMPOUND 13.0     37.0 10.0   2.0   
PATH     16.0     21.0 4.0    3.0   
MANNER   30.0     45.0 5.0    12.0  
False    0.0      0.0  0.0    0.0   

========= Compound =========
Precision: 0.209677 
Recall: 0.220339
F-measure 0.214876
========= Path =========
Precision: 0.477273 
Recall: 0.203883
F-measure 0.285714
========= Manner =========
Precision: 0.054348 
Recall: 0.263158
F-measure 0.090090
========= False =========
Precision: 0.000000 
Recall: 0.000000
F-measure 0.000000

Accuracy: 19.696970%


========== MOTION - motion_class ==========
row = predicted, column = actual
              MOVE REACH FOLLOW HIT DETACH MOVE_EXTERNAL MOVE_INTERNAL DEVIATE False CROSS LEAVE 
MOVE          36.0 33.0  12.0   6.0 1.0    5.0           8.0           2.0     10.0  9.0   7.0   
REACH         4.0  35.0  3.0    1.0 0.0    1.0           2.0           1.0     6.0   3.0   3.0   
FOLLOW        0.0  2.0   0.0    0.0 0.0    1.0           0.0           1.0     0.0   4.0   0.0   
HIT           0.0  0.0   0.0    0.0 0.0    0.0           0.0           0.0     1.0   0.0   0.0   
DETACH        0.0  0.0   0.0    1.0 0.0    0.0           0.0           0.0     0.0   0.0   0.0   
MOVE_EXTERNAL 0.0  0.0   0.0    0.0 0.0    0.0           0.0           0.0     0.0   0.0   0.0   
MOVE_INTERNAL 0.0  0.0   0.0    0.0 0.0    0.0           0.0           0.0     0.0   0.0   0.0   
DEVIATE       0.0  0.0   0.0    0.0 0.0    0.0           0.0           0.0     0.0   0.0   0.0   
False         0.0  0.0   0.0    0.0 0.0    0.0           0.0           0.0     0.0   0.0   0.0   
CROSS         0.0  0.0   0.0    0.0 0.0    0.0           0.0           0.0     0.0   0.0   0.0   
LEAVE         0.0  0.0   0.0    0.0 0.0    0.0           0.0           0.0     0.0   0.0   0.0   

========= Move =========
Precision: 0.279070 
Recall: 0.900000
F-measure 0.426036
========= Reach =========
Precision: 0.593220 
Recall: 0.500000
F-measure 0.542636
========= Follow =========
Precision: 0.000000 
Recall: 0.000000
F-measure 0.000000
========= Hit =========
Precision: 0.000000 
Recall: 0.000000
F-measure 0.000000
========= Detach =========
Precision: 0.000000 
Recall: 0.000000
F-measure 0.000000
========= Move_External =========
Precision: 0.000000 
Recall: 0.000000
F-measure 0.000000
========= Move_Internal =========
Precision: 0.000000 
Recall: 0.000000
F-measure 0.000000
========= Deviate =========
Precision: 0.000000 
Recall: 0.000000
F-measure 0.000000
========= False =========
Precision: 0.000000 
Recall: 0.000000
F-measure 0.000000
========= Cross =========
Precision: 0.000000 
Recall: 0.000000
F-measure 0.000000
========= Leave =========
Precision: 0.000000 
Recall: 0.000000
F-measure 0.000000

Accuracy: 35.858586%


========== PLACE - countable ==========
row = predicted, column = actual
      FALSE TRUE  False 
FALSE 4.0   79.0  11.0  
TRUE  3.0   217.0 29.0  
False 0.0   0.0   0.0   

========= False =========
Precision: 0.042553 
Recall: 0.571429
F-measure 0.079208
========= True =========
Precision: 0.871486 
Recall: 0.733108
F-measure 0.796330
========= False =========
Precision: 0.000000 
Recall: 0.000000
F-measure 0.000000

Accuracy: 64.431487%


========== SPATIAL_ENTITY - form ==========
row = predicted, column = actual
      NOM   NAM False 
NOM   297.0 1.0 42.0  
NAM   6.0   7.0 3.0   
False 0.0   0.0 0.0   

========= Nom =========
Precision: 0.873529 
Recall: 0.980198
F-measure 0.923795
========= Nam =========
Precision: 0.437500 
Recall: 0.875000
F-measure 0.583333
========= False =========
Precision: 0.000000 
Recall: 0.000000
F-measure 0.000000

Accuracy: 85.393258%


========== PLACE - dimensionality ==========
row = predicted, column = actual
       POINT VOLUME AREA       False 
POINT  12.0  8.0    25.0 63.0  10.0  
VOLUME 0.0   0.0    17.0 36.0  3.0   
AREA   12.0  8.0    22.0 100.0 27.0  
       0.0   0.0    0.0  0.0   0.0   
False  0.0   0.0    0.0  0.0   0.0   

========= Point =========
Precision: 0.101695 
Recall: 0.500000
F-measure 0.169014
========= Volume =========
Precision: 0.000000 
Recall: 0.000000
F-measure 0.000000
========= Area =========
Precision: 0.130178 
Recall: 0.343750
F-measure 0.188841
=========  =========
Precision: 0.000000 
Recall: 0.000000
F-measure 0.000000
========= False =========
Precision: 0.000000 
Recall: 0.000000
F-measure 0.000000

Accuracy: 9.912536%


==========OVERALL==========
mean precision: 0.255869469942
mean recall: 0.328135464024
mean f1: 0.272870940443
mean accuracy: 0.629558634105
