

========== MOVELINK - pathID ==========
row = predicted, column = actual
          False -1,-1 472,476 623,630 573,577 156,160 422,427 566,571 4509,4521 190,195 1833,1846 1875,1879 414,421 355,357 3191,3203 594,609 1089,1094 638,643 3297,3302 446,450 254,259 221,226 1960,1964 
False     0.0   176.0 2.0     1.0     1.0     1.0     1.0     1.0     1.0       1.0     1.0       1.0       1.0     1.0     1.0       1.0     1.0       1.0     1.0       1.0     1.0     1.0     1.0       
-1,-1     0.0   0.0   0.0     0.0     0.0     0.0     0.0     0.0     0.0       0.0     0.0       0.0       0.0     0.0     0.0       0.0     0.0       0.0     0.0       0.0     0.0     0.0     0.0       
472,476   0.0   0.0   0.0     0.0     0.0     0.0     0.0     0.0     0.0       0.0     0.0       0.0       0.0     0.0     0.0       0.0     0.0       0.0     0.0       0.0     0.0     0.0     0.0       
623,630   0.0   0.0   0.0     0.0     0.0     0.0     0.0     0.0     0.0       0.0     0.0       0.0       0.0     0.0     0.0       0.0     0.0       0.0     0.0       0.0     0.0     0.0     0.0       
573,577   0.0   0.0   0.0     0.0     0.0     0.0     0.0     0.0     0.0       0.0     0.0       0.0       0.0     0.0     0.0       0.0     0.0       0.0     0.0       0.0     0.0     0.0     0.0       
156,160   0.0   0.0   0.0     0.0     0.0     0.0     0.0     0.0     0.0       0.0     0.0       0.0       0.0     0.0     0.0       0.0     0.0       0.0     0.0       0.0     0.0     0.0     0.0       
422,427   0.0   0.0   0.0     0.0     0.0     0.0     0.0     0.0     0.0       0.0     0.0       0.0       0.0     0.0     0.0       0.0     0.0       0.0     0.0       0.0     0.0     0.0     0.0       
566,571   0.0   0.0   0.0     0.0     0.0     0.0     0.0     0.0     0.0       0.0     0.0       0.0       0.0     0.0     0.0       0.0     0.0       0.0     0.0       0.0     0.0     0.0     0.0       
4509,4521 0.0   0.0   0.0     0.0     0.0     0.0     0.0     0.0     0.0       0.0     0.0       0.0       0.0     0.0     0.0       0.0     0.0       0.0     0.0       0.0     0.0     0.0     0.0       
190,195   0.0   0.0   0.0     0.0     0.0     0.0     0.0     0.0     0.0       0.0     0.0       0.0       0.0     0.0     0.0       0.0     0.0       0.0     0.0       0.0     0.0     0.0     0.0       
1833,1846 0.0   0.0   0.0     0.0     0.0     0.0     0.0     0.0     0.0       0.0     0.0       0.0       0.0     0.0     0.0       0.0     0.0       0.0     0.0       0.0     0.0     0.0     0.0       
1875,1879 0.0   0.0   0.0     0.0     0.0     0.0     0.0     0.0     0.0       0.0     0.0       0.0       0.0     0.0     0.0       0.0     0.0       0.0     0.0       0.0     0.0     0.0     0.0       
414,421   0.0   0.0   0.0     0.0     0.0     0.0     0.0     0.0     0.0       0.0     0.0       0.0       0.0     0.0     0.0       0.0     0.0       0.0     0.0       0.0     0.0     0.0     0.0       
355,357   0.0   0.0   0.0     0.0     0.0     0.0     0.0     0.0     0.0       0.0     0.0       0.0       0.0     0.0     0.0       0.0     0.0       0.0     0.0       0.0     0.0     0.0     0.0       
3191,3203 0.0   0.0   0.0     0.0     0.0     0.0     0.0     0.0     0.0       0.0     0.0       0.0       0.0     0.0     0.0       0.0     0.0       0.0     0.0       0.0     0.0     0.0     0.0       
594,609   0.0   0.0   0.0     0.0     0.0     0.0     0.0     0.0     0.0       0.0     0.0       0.0       0.0     0.0     0.0       0.0     0.0       0.0     0.0       0.0     0.0     0.0     0.0       
1089,1094 0.0   0.0   0.0     0.0     0.0     0.0     0.0     0.0     0.0       0.0     0.0       0.0       0.0     0.0     0.0       0.0     0.0       0.0     0.0       0.0     0.0     0.0     0.0       
638,643   0.0   0.0   0.0     0.0     0.0     0.0     0.0     0.0     0.0       0.0     0.0       0.0       0.0     0.0     0.0       0.0     0.0       0.0     0.0       0.0     0.0     0.0     0.0       
3297,3302 0.0   0.0   0.0     0.0     0.0     0.0     0.0     0.0     0.0       0.0     0.0       0.0       0.0     0.0     0.0       0.0     0.0       0.0     0.0       0.0     0.0     0.0     0.0       
446,450   0.0   0.0   0.0     0.0     0.0     0.0     0.0     0.0     0.0       0.0     0.0       0.0       0.0     0.0     0.0       0.0     0.0       0.0     0.0       0.0     0.0     0.0     0.0       
254,259   0.0   0.0   0.0     0.0     0.0     0.0     0.0     0.0     0.0       0.0     0.0       0.0       0.0     0.0     0.0       0.0     0.0       0.0     0.0       0.0     0.0     0.0     0.0       
221,226   0.0   0.0   0.0     0.0     0.0     0.0     0.0     0.0     0.0       0.0     0.0       0.0       0.0     0.0     0.0       0.0     0.0       0.0     0.0       0.0     0.0     0.0     0.0       
1960,1964 0.0   0.0   0.0     0.0     0.0     0.0     0.0     0.0     0.0       0.0     0.0       0.0       0.0     0.0     0.0       0.0     0.0       0.0     0.0       0.0     0.0     0.0     0.0       

========= False =========
Precision: 0.000000 
Recall: 0.000000
F-measure 0.000000
========= -1,-1 =========
Precision: 0.000000 
Recall: 0.000000
F-measure 0.000000
========= 472,476 =========
Precision: 0.000000 
Recall: 0.000000
F-measure 0.000000
========= 623,630 =========
Precision: 0.000000 
Recall: 0.000000
F-measure 0.000000
========= 573,577 =========
Precision: 0.000000 
Recall: 0.000000
F-measure 0.000000
========= 156,160 =========
Precision: 0.000000 
Recall: 0.000000
F-measure 0.000000
========= 422,427 =========
Precision: 0.000000 
Recall: 0.000000
F-measure 0.000000
========= 566,571 =========
Precision: 0.000000 
Recall: 0.000000
F-measure 0.000000
========= 4509,4521 =========
Precision: 0.000000 
Recall: 0.000000
F-measure 0.000000
========= 190,195 =========
Precision: 0.000000 
Recall: 0.000000
F-measure 0.000000
========= 1833,1846 =========
Precision: 0.000000 
Recall: 0.000000
F-measure 0.000000
========= 1875,1879 =========
Precision: 0.000000 
Recall: 0.000000
F-measure 0.000000
========= 414,421 =========
Precision: 0.000000 
Recall: 0.000000
F-measure 0.000000
========= 355,357 =========
Precision: 0.000000 
Recall: 0.000000
F-measure 0.000000
========= 3191,3203 =========
Precision: 0.000000 
Recall: 0.000000
F-measure 0.000000
========= 594,609 =========
Precision: 0.000000 
Recall: 0.000000
F-measure 0.000000
========= 1089,1094 =========
Precision: 0.000000 
Recall: 0.000000
F-measure 0.000000
========= 638,643 =========
Precision: 0.000000 
Recall: 0.000000
F-measure 0.000000
========= 3297,3302 =========
Precision: 0.000000 
Recall: 0.000000
F-measure 0.000000
========= 446,450 =========
Precision: 0.000000 
Recall: 0.000000
F-measure 0.000000
========= 254,259 =========
Precision: 0.000000 
Recall: 0.000000
F-measure 0.000000
========= 221,226 =========
Precision: 0.000000 
Recall: 0.000000
F-measure 0.000000
========= 1960,1964 =========
Precision: 0.000000 
Recall: 0.000000
F-measure 0.000000

Accuracy: 0.000000%


========== MOVELINK - motion ==========
row = predicted, column = actual
      False 0     2    1   3   -2 
False 0.0   177.0 11.0 6.0 2.0 2.0 
0     0.0   0.0   0.0  0.0 0.0 0.0 
2     0.0   0.0   0.0  0.0 0.0 0.0 
1     0.0   0.0   0.0  0.0 0.0 0.0 
3     0.0   0.0   0.0  0.0 0.0 0.0 
-2    0.0   0.0   0.0  0.0 0.0 0.0 

========= False =========
Precision: 0.000000 
Recall: 0.000000
F-measure 0.000000
========= 0 =========
Precision: 0.000000 
Recall: 0.000000
F-measure 0.000000
========= 2 =========
Precision: 0.000000 
Recall: 0.000000
F-measure 0.000000
========= 1 =========
Precision: 0.000000 
Recall: 0.000000
F-measure 0.000000
========= 3 =========
Precision: 0.000000 
Recall: 0.000000
F-measure 0.000000
========= -2 =========
Precision: 0.000000 
Recall: 0.000000
F-measure 0.000000

Accuracy: 0.000000%


========== OLINK - frame_type ==========
row = predicted, column = actual
          False INTRINSIC ABSOLUTE RELATIVE 
False     0.0   23.0      4.0      6.0      
INTRINSIC 0.0   0.0       0.0      0.0      
ABSOLUTE  0.0   0.0       0.0      0.0      
RELATIVE  0.0   0.0       0.0      0.0      

========= False =========
Precision: 0.000000 
Recall: 0.000000
F-measure 0.00000